                 1                   2                   3                   4                   5

    1     0.00000000000000     0.03349902462467     0.00878587952318     0.00000000000000    -0.00000000000000
    2    -0.03349902462467    -0.00000000000000     0.04466752065307     0.00000000000000    -0.00000000000002
    3    -0.00878587952318    -0.04466752065307    -0.00000000000000     0.00000000000000    -0.00000000000001
    4    -0.00000000000000    -0.00000000000000    -0.00000000000000     0.00000000000000     0.00000000000000
    5     0.00000000000000     0.00000000000002     0.00000000000001    -0.00000000000000     0.00000000000000
    6     0.12206745027068    -0.31588414320367    -0.24561223718271     0.00000000000000     0.37618733978045
    7     0.12206745027070    -0.31588414320369    -0.24561223718277    -0.00000000000000    -0.37618733978034

                 6                   7

    1    -0.12206745027068    -0.12206745027070
    2     0.31588414320366     0.31588414320369
    3     0.24561223718271     0.24561223718277
    4    -0.00000000000000     0.00000000000000
    5    -0.37618733978045     0.37618733978034
    6     0.00000000000000     0.00000000000001
    7    -0.00000000000001     0.00000000000000
