                 1                   2                   3                   4                 5

    1    -1.00168159675066    -0.23402742732253     0.00000000000000     0.10151213395575    -0.00000000000006
    2     0.00858534101858     1.11990309258879    -0.00000000000001    -0.42511023530887     0.00000000000027
    3     0.00061183400191     0.53163989459645     0.00000000000001     0.91055196816550    -0.00000000000058
    4     0.00000000000000     0.00000000000000    -0.00000000000001     0.00000000000063     1.00000000000000
    5    -0.00000000000000     0.00000000000001     1.10922683743172    -0.00000000000001     0.00000000000001
    6    -0.00267204526763    -0.20864514152712     0.19777994776391    -0.03185672160772     0.00000000000002
    7    -0.00267204526763    -0.20864514152712    -0.19777994776391    -0.03185672160771     0.00000000000002

                 6                   7

    1    -0.00000000000000     0.06083784751054
    2     0.00000000000005    -0.71896194001265
    3     0.00000000000002    -0.30403486132876
    4     0.00000000000000    -0.00000000000000
    5    -0.44083862515667    -0.00000000000003
    6    -0.97926486451727     0.86936444529159
    7     0.97926486451715     0.86936444529172
