                 1                   2                   3                   4                   5

    1     8.29167716728075     1.53993765602808     0.00237894926959    -0.00000000000002    -0.00000000000000
    2     1.53993765602808     3.62925061006495    -0.00466256064362    -0.00000000000010    -0.00000000000000
    3     0.00237894926959    -0.00466256064362     3.65627202236351     0.00000000000006    -0.00000000000000
    4    -0.00000000000002    -0.00000000000010     0.00000000000006     3.56549851911631    -0.00000000000000
    5    -0.00000000000000    -0.00000000000000    -0.00000000000000    -0.00000000000000     3.65467004314734
    6     0.40571739399476     1.54420070499919     0.68561571506592    -0.00000000000003    -0.88899890074839
    7     0.40571739399475     1.54420070499917     0.68561571506592    -0.00000000000003     0.88899890074836

                 6                   7

    1     0.40571739399476     0.40571739399475
    2     1.54420070499919     1.54420070499917
    3     0.68561571506592     0.68561571506592
    4    -0.00000000000003    -0.00000000000003
    5    -0.88899890074839     0.88899890074836
    6     2.14329603419182     0.69567242057494
    7     0.69567242057494     2.14329603419172
