                 1                   2                   3                   4                   5

    1     9.40748942632265     1.79662076139915     0.00237934234256    -0.00000000000000    -0.00000000000000
    2     1.79662076139915     4.44627324436282    -0.00466247651448     0.00000000000000    -0.00000000000001
    3     0.00237934234256    -0.00466247651448     4.44154853752251     0.00000000000000    -0.00000000000000
    4    -0.00000000000000     0.00000000000000     0.00000000000000     4.44564485011449    -0.00000000000000
    5    -0.00000000000000    -0.00000000000001    -0.00000000000000    -0.00000000000000     4.43994574951683
    6     0.47258109086430     1.89813129428344     0.84176309452572     0.00000000000000    -1.09066547305257
    7     0.47258109086429     1.89813129428342     0.84176309452571     0.00000000000000     1.09066547305253

                 6                   7

    1     0.47258109086430     0.47258109086429
    2     1.89813129428344     1.89813129428342
    3     0.84176309452572     0.84176309452571
    4     0.00000000000000     0.00000000000000
    5    -1.09066547305257     1.09066547305253
    6     2.64619433765696     0.85869699212069
    7     0.85869699212069     2.64619433765683
