                 1                   2                   3                   4                   5

    1    -2.51700302083593    -0.35625969779971    -0.00136025730944     0.00000000000000    -0.00000000000000
    2    -0.35625969779971    -0.68571248623240    -0.00077564628468     0.00000000000000    -0.00000000000000
    3    -0.00136025730944    -0.00077564628468    -0.68245769600594    -0.00000000000000     0.00000000000000
    4     0.00000000000000     0.00000000000000    -0.00000000000000    -0.67730972690707     0.00000000000000
    5    -0.00000000000000    -0.00000000000000     0.00000000000000     0.00000000000000    -0.68313609618585
    6    -0.09537822595868    -0.27188668523842    -0.11452495099977     0.00000000000000     0.14878345450714
    7    -0.09537822595868    -0.27188668523842    -0.11452495099977     0.00000000000000    -0.14878345450714

                 6                   7

    1    -0.09537822595868    -0.09537822595868
    2    -0.27188668523842    -0.27188668523842
    3    -0.11452495099977    -0.11452495099977
    4     0.00000000000000     0.00000000000000
    5     0.14878345450714    -0.14878345450714
    6    -0.31733415611823    -0.10945206174808
    7    -0.10945206174808    -0.31733415611823
