                 1                   2                   3                   4                   5

    1    -2.50641222230664    -0.34765615280180    -0.00146504756858     0.00000000000001    -0.00000000000000
    2    -0.34765615280180    -0.63978758380581    -0.00137190893482     0.00000000000004     0.00000000000000
    3    -0.00146504756858    -0.00137190893482    -0.66213416427606    -0.00000000000005     0.00000000000000
    4     0.00000000000001     0.00000000000004    -0.00000000000005    -0.57924722461260     0.00000000000000
    5    -0.00000000000000     0.00000000000000     0.00000000000000     0.00000000000000    -0.66316321689410
    6    -0.09334293295085    -0.25900537291887    -0.11324698378709     0.00000000000001     0.14720169237123
    7    -0.09334293295085    -0.25900537291887    -0.11324698378709     0.00000000000001    -0.14720169237123

                 6                   7

    1    -0.09334293295085    -0.09334293295085
    2    -0.25900537291887    -0.25900537291887
    3    -0.11324698378709    -0.11324698378709
    4     0.00000000000001     0.00000000000001
    5     0.14720169237123    -0.14720169237123
    6    -0.32436196701435    -0.10590219624763
    7    -0.10590219624763    -0.32436196701434
