                 1                   2                   3                   4                   5

    1     9.40748942632115     1.79662076139879     0.00237934234257     0.00000000000000    -0.00000000000000
    2     1.79662076139876     4.44627324436184    -0.00466247651449    -0.00000000000000    -0.00000000000001
    3     0.00237934234257    -0.00466247651449     4.44154853752163     0.00000000000000     0.00000000000000
    4     0.00000000000000    -0.00000000000000     0.00000000000000     4.44564485011360     0.00000000000000
    5    -0.00000000000000    -0.00000000000001     0.00000000000000     0.00000000000000     4.43994574951595
    6     0.47258109086421     1.89813129428308     0.84176309452559    -0.00000000000000    -1.09066547305238
    7     0.47258109086421     1.89813129428310     0.84176309452558     0.00000000000000     1.09066547305238

                 6                   7

    1     0.47258109086421     0.47258109086421
    2     1.89813129428304     1.89813129428306
    3     0.84176309452559     0.84176309452558
    4    -0.00000000000000     0.00000000000000
    5    -1.09066547305238     1.09066547305238
    6     2.64619433765661     0.85869699212059
    7     0.85869699212060     2.64619433765680
