                 1                   2                   3                   4                   5

    1     1.02443225256321    -0.14656220792794    -0.01147567968374    -0.00000000000000    -0.00000000000000
    2    -0.14656220792794     1.29934109104667     0.13394058599916     0.00000000000000    -0.00000000000000
    3    -0.01147567968374     0.13394058599916     1.06467095166626    -0.00000000000000    -0.00000000000000
    4    -0.00000000000000     0.00000000000000    -0.00000000000000     1.00000000000000    -0.00000000000000
    5    -0.00000000000000    -0.00000000000000    -0.00000000000000    -0.00000000000000     1.13534080138215
    6     0.02309981525344    -0.33479381413684    -0.16215336625658     0.00000000000000     0.26050348848502
    7     0.02309981525344    -0.33479381413684    -0.16215336625657    -0.00000000000000    -0.26050348848502

                 6                   7

    1     0.02309981525344     0.02309981525344
    2    -0.33479381413684    -0.33479381413684
    3    -0.16215336625658    -0.16215336625657
    4     0.00000000000000    -0.00000000000000
    5     0.26050348848502    -0.26050348848502
    6     1.25706820265704    -0.10690724807697
    7    -0.10690724807697     1.25706820265704
