[[ 20.07465   0.       -0.02256   0.        0.        0.02191  -0.02181   0.       -0.        0.     ]
 [  0.       20.12159   0.       -0.04644   0.00153   0.        0.       -0.0293    0.       -0.     ]
 [ -0.02256   0.        1.40389   0.        0.        0.05409  -0.06695   0.       -0.        0.     ]
 [  0.       -0.04644   0.        1.44877  -0.02748   0.       -0.        0.0183   -0.        0.     ]
 [  0.        0.00153   0.       -0.02748   0.73982   0.        0.       -0.04289   0.       -0.     ]
 [  0.02191   0.        0.05409   0.        0.        0.99544  -0.11781   0.       -0.        0.     ]
 [ -0.02181   0.       -0.06695  -0.        0.       -0.11781   0.61724  -0.        0.       -0.     ]
 [  0.       -0.0293    0.        0.0183   -0.04289   0.       -0.        0.67982  -0.        0.     ]
 [ -0.        0.       -0.       -0.        0.       -0.        0.       -0.        0.4422    0.     ]
 [  0.       -0.        0.        0.       -0.        0.       -0.        0.        0.        0.51061]]
