                 1                   2                   3                   4                   5

    1     1.06843957134841    -0.31384166486187    -0.03259910628831    -0.00000000000000     0.00000000000000
    2    -0.31384166486187     1.43497535703469     0.20830545345789     0.00000000000000    -0.00000000000000
    3    -0.03259910628831     0.20830545345789     1.11174623859743    -0.00000000000000    -0.00000000000000
    4    -0.00000000000000     0.00000000000000    -0.00000000000000     1.00000000000000    -0.00000000000000
    5     0.00000000000000    -0.00000000000000    -0.00000000000000    -0.00000000000000     1.23038417687878
    6     0.04827138047398    -0.22014266125087    -0.13993291645690    -0.00000000000000     0.21938282596557
    7     0.04827138047398    -0.22014266125087    -0.13993291645689    -0.00000000000000    -0.21938282596557

                 6                   7

    1     0.04827138047398     0.04827138047398
    2    -0.22014266125087    -0.22014266125087
    3    -0.13993291645690    -0.13993291645689
    4    -0.00000000000000    -0.00000000000000
    5     0.21938282596557    -0.21938282596557
    6     0.08367169335787     0.00543787788288
    7     0.00543787788288     0.08367169335787
