                 1                   2                   3                   4                   5

    1    -4.93148801133866    -0.86347390135325    -0.00087041716129    -0.00000000000000     0.00000000000000
    2    -0.86347390135327    -1.43911865748474     0.00103400953009     0.00000000000000     0.00000000000000
    3    -0.00087041716129     0.00103400953008    -1.18504782573069    -0.00000000000000     0.00000000000000
    4    -0.00000000000000     0.00000000000000    -0.00000000000000    -1.19129418341420    -0.00000000000000
    5     0.00000000000000     0.00000000000000     0.00000000000000    -0.00000000000000    -1.18362816044280
    6    -0.23738835674784    -0.54323428601329    -0.17893198007512     0.00000000000000     0.23252220012939
    7    -0.23738835674784    -0.54323428601329    -0.17893198007512    -0.00000000000000    -0.23252220012938

                 6                   7

    1    -0.23738835674783    -0.23738835674783
    2    -0.54323428601330    -0.54323428601330
    3    -0.17893198007513    -0.17893198007512
    4     0.00000000000000    -0.00000000000000
    5     0.23252220012939    -0.23252220012938
    6    -0.30138482228987    -0.19124656577426
    7    -0.19124656577426    -0.30138482228986
