                 1                   2                   3                   4                   5

    1   -18.90771347100165    -4.89967460338014    -0.01761218167820     0.00000000000000    -0.00000000000000
    2    -4.89967460338021    -1.94412332705657    -0.25508321492444    -0.00000000000000    -0.00000000000001
    3    -0.01761218167820    -0.25508321492444     0.08229516211707     0.00000000000000     0.00000000000000
    4     0.00000000000000    -0.00000000000000     0.00000000000000     0.19127544648407     0.00000000000000
    5    -0.00000000000000    -0.00000000000001     0.00000000000000     0.00000000000000     0.00900855044656
    6    -1.29866470105690    -0.87077631572715    -0.26103720065979     0.00000000000000     0.21963810792664
    7    -1.29866470105690    -0.87077631572712    -0.26103720065979     0.00000000000000    -0.21963810792662

                 6                   7

    1    -1.29866470105690    -1.29866470105689
    2    -0.87077631572724    -0.87077631572720
    3    -0.26103720065979    -0.26103720065980
    4     0.00000000000000     0.00000000000000
    5     0.21963810792664    -0.21963810792662
    6    -0.33507346201608    -0.36644095494272
    7    -0.36644095494270    -0.33507346201570
