                 1                   2                   3                   4                   5

    1   -32.46518956031947    -2.76428852654098     0.02556434922063     0.00000000000000     0.00000000000000
    2    -2.76428852654098    -8.40574149645781    -0.30719788230941    -0.00000000000000     0.00000000000000
    3     0.02556434922063    -0.30719788230941    -7.66897323812680     0.00000000000000     0.00000000000000
    4     0.00000000000000    -0.00000000000000     0.00000000000000    -7.50872007032893     0.00000000000000
    5     0.00000000000000     0.00000000000000     0.00000000000000     0.00000000000000    -7.80950757407108
    6    -0.37455282578808    -0.57845849626853    -0.16543280323698    -0.00000000000000     0.15874460289006
    7    -0.37455282578808    -0.57845849626853    -0.16543280323698     0.00000000000000    -0.15874460289007

                 6                   7

    1    -0.37455282578808    -0.37455282578808
    2    -0.57845849626853    -0.57845849626853
    3    -0.16543280323698    -0.16543280323698
    4    -0.00000000000000     0.00000000000000
    5     0.15874460289006    -0.15874460289007
    6    -4.40110679794342    -0.05197158337969
    7    -0.05197158337969    -4.40110679794342
